3 28 64
7 129 39
11 427 2
44 404 320
74 225 4
106 11 155
123 64 31
162 33 231
167 244 5
176 33 95
181 295 254
203 232 180
280 204 278
295 384 1
312 56 103
355 86 349
402 428 8
411 4 231
430 4 5
452 99 6
515 158 208
538 44 315
586 219 42
640 13 16
667 199 329
694 209 311
706 148 5
714 136 1
717 2 12
719 113 148
757 97 77
777 180 396
778 54 2
795 460 2
848 158 316
957 38 14
990 31 42
1000 96 40
1016 142 7
1021 196 14
1076 221 333
1103 89 92
1130 429 422
1139 86 119
1141 28 5
1145 64 8
1180 14 83
1181 58 9
1188 48 205
1271 53 293
1280 11 36
1412 4 35
1445 160 89
1488 47 92
1527 31 2
1528 52 44
1545 125 48
1558 102 189
1563 86 222
1570 283 41
1575 29 50
1620 155 33
1644 81 11
1661 370 423
1706 50 46
1718 114 55
1724 204 113
1776 180 418
1778 197 293
1839 25 43
1842 106 397
1845 41 50
1850 44 47
1855 8 145
1892 1 128
1905 4 164
1929 443 446
1942 184 2
2107 84 149
2112 25 6
2113 98 71
2119 23 84
2126 337 203
2132 94 159
2178 15 42
2183 25 39
2212 32 10
2267 467 4
2270 108 333
2293 336 221
2297 379 398
2307 345 203
2359 27 12
2367 272 364
2378 427 430
2450 190 274
2499 473 327
2552 201 280
2580 371 351
2585 254 106
2597 385 210
2601 266 7
2605 118 228
2646 39 1
2670 4 224
2672 201 341
2768 25 31
2787 49 316
2815 74 18
2847 96 18
2857 61 35
2928 167 1
2942 321 196
2945 293 167
2949 384 7
2984 373 379
2991 91 45
3030 4 6
3068 126 19
3084 103 136
3091 277 50
3111 2 6
3131 109 126
3159 187 20
3160 213 64
3180 122 11
3187 149 1
3198 53 57
3199 345 8
3211 41 10
3269 1 34
3270 331 298
3361 267 327
3414 6 82
3437 113 173
3439 93 83
3458 36 67
3488 164 6
3536 403 270
3583 84 98
3608 357 2
3615 378 17
3677 26 104
3723 121 234
3732 1 48
3733 161 226
3762 229 263
3798 359 270
3821 65 49
3831 50 97
3872 151 3
3885 39 4
3888 11 120
3912 8 77
3922 80 30
3923 256 82
3928 362 360
3951 11 196
3952 8 282
3979 287 430
3987 121 129
3990 96 84
3997 289 298
4103 86 4
4117 30 198
4121 77 42
4143 337 293
4184 374 1
4201 226 86
4211 338 126
4221 261 395
4266 45 114
4269 223 18
4297 458 6
4309 340 293
4518 130 350
4525 1 77
4530 65 94
4532 191 116
4570 38 222
4597 339 385
4602 53 279
4629 345 331
4654 360 310
4691 113 103
4719 87 56
4755 5 60
4760 11 54
4851 241 421
4879 9 73
4884 182 427
4970 252 86
4995 227 59
5007 25 63
5073 95 42
5106 40 85
5112 3 9
5139 193 8
5141 191 127
5187 40 13
5199 49 210
5252 266 340
5258 411 268
5272 201 105
5275 49 294
5278 321 404
5316 422 428
5404 118 17
5465 27 124
5516 208 334
5522 457 6
5554 52 189
5575 2 211
5663 50 10
5736 250 23
5746 61 68
5760 206 263
5785 20 30
5825 265 173
5830 358 417
5834 11 8
5843 58 29
5850 321 233
5854 33 51
5871 194 30
5880 36 64
5884 125 221
5897 38 94
5949 114 1
6003 40 110
6004 250 7
6057 37 8
6065 148 393
6082 163 300
6097 19 0
6168 96 315
6206 204 300
6213 38 232
6245 45 6
6333 52 18
6336 5 33
6340 163 307
6354 3 214
6355 19 38
6360 271 264
6373 179 33
6391 221 48
6411 271 7
6427 297 11
6515 443 445
6525 158 105
6529 125 161
6530 12 252
6533 360 413
6546 11 109
6555 419 423
6558 59 44
6559 340 314
6581 2 0
6620 7 119
6629 326 360
6658 65 38
6680 106 53
6699 96 103
6708 46 90
6728 82 214
6744 338 316
6747 59 68
6766 441 396
6787 9 214
6813 171 7
6814 281 333
6893 53 119
6925 44 36
6962 54 258
6967 132 9
6973 342 4
6975 315 12
6991 33 57
7017 127 1
7018 322 168
7058 443 4
7070 215 381
7091 322 126
7106 11 35
7155 415 5
7160 371 241
7171 436 106
7186 84 7
7209 23 28
7272 31 80
7273 69 4
7304 56 14
7335 7 85
7379 1 112
7393 434 358
7394 473 2
7418 11 94
7442 201 289
7472 405 1
7486 11 151
7535 3 93
7543 84 29
7544 44 190
7550 247 47
7567 14 100
7584 7 101
7655 13 8
7701 1 18
7713 5 103
7726 194 5
7747 2 41
7767 56 30
7796 81 3
7806 199 116
7845 9 18
7860 112 39
7879 210 293
7919 5 242
7921 386 422
7935 46 99
7948 414 448
7991 287 386
7998 440 358
8014 48 5
8050 96 162
8116 203 339
8207 163 416
8209 58 7
8220 347 335
8234 113 272
8329 19 334
8375 45 143
8386 314 210
8474 31 8
8482 26 64
8505 84 64
8532 201 90
8597 39 2
8603 56 11
8662 169 1
8707 104 8
8770 61 18
8791 400 416
8815 299 316
8846 106 52
8855 130 399
8989 125 105
9006 396 439
9034 38 53
9103 14 128
9172 226 158
9179 432 264
9200 126 168
9221 161 197
9233 210 294
9248 311 304
9252 196 370
9259 210 291
9350 361 284
9359 84 155
9384 11 41
9429 28 85
9450 104 33
9481 82 30
9499 434 264
9510 130 272
9534 91 94
9626 96 147
9684 44 3
9710 414 5
9774 52 2
9784 77 2
9793 329 331
9794 60 59
9796 18 201
9833 464 301
9845 42 85
9858 331 221
9870 254 39
9874 465 443
9890 263 254
9923 206 300
9954 61 7
9991 57 116
9995 86 292
10012 326 86
10019 65 8
10035 5 183
10056 102 77
10059 26 8
10064 7 64
10104 319 284
10110 315 4
10138 205 86
10153 292 400
10162 199 282
10214 332 293
10239 45 32
10261 8 141
10286 219 194
10295 299 381
10305 236 4
10350 89 10
10357 355 16
10359 202 337
10360 435 443
10374 52 107
10381 404 410
10382 1 87
10391 203 105
10394 2 97
10398 32 51
10401 35 2
10450 339 49
10458 189 2
10472 268 471
10498 9 86
10509 3 1
10525 1 137
10536 27 47
10544 155 61
10559 31 89
10562 326 5
10570 52 137
10571 30 8
10629 116 148
10658 50 112
10664 112 57
10694 8 23
10702 85 8
10710 26 33
10738 199 185
10745 396 436
10769 40 36
10773 421 457
10783 99 109
10801 421 451
10821 1 96
10850 23 248
10861 113 154
10886 373 365
10895 228 7
10899 30 68
10910 11 1
10965 254 310
10982 236 82
10985 5 42
10992 222 129
10998 70 27
11006 404 1
11114 196 180
11136 93 52
11153 437 5
11209 339 247
11233 33 6
11245 287 8
11284 197 328
11311 49 19
11313 410 182
11330 71 282
11344 96 113
11385 277 68
11418 18 142
11436 348 299
11458 417 4
11486 94 219
11516 239 334
11542 61 92
11552 227 33
11557 22 0
11561 128 102
11609 94 80
11630 113 172
11673 9 40
11728 28 59
11749 185 204
11765 18 3
11795 142 11
11825 132 57
11869 446 6
11872 345 4
11875 361 231
11880 118 30
11941 339 340
12036 49 343
12048 23 17
12059 96 42
12091 328 293
12101 217 246
12135 86 276
12136 52 134
12139 51 257
12142 92 38
12149 223 199
12150 259 22
12157 28 133
12163 45 41
12218 132 86
12235 25 40
12249 7 262
12293 77 51
12311 99 8
12314 205 316
12321 51 59
12348 1 164
12366 220 4
12367 42 52
12375 355 383
12381 75 33
12425 64 198
12446 59 94
12448 49 203
12480 96 95
12488 236 44
12491 38 90
12536 180 325
12552 7 60
12557 52 301
12599 136 68
12612 30 58
12616 329 299
12638 202 205
12676 42 34
12722 215 97
12763 373 358
12780 17 11
12794 202 352
12800 299 18
12806 120 118
12825 293 299
12830 99 33
12833 231 371
12841 214 5
12883 11 55
12897 101 214
12954 246 99
12964 194 52
12979 376 270
12992 61 51
13010 6 139
13011 16 252
13016 30 5
13036 412 270
13069 224 247
13170 26 88
13204 82 58
13242 385 9
13243 213 42
13257 320 1
13291 158 201
13292 50 354
13304 38 280
13354 0 6
13359 4 3
13370 9 80
13388 54 10
13414 179 9
13438 223 11
13451 458 1
13454 20 213
13459 14 81
13494 208 53
13502 169 116
13515 11 319
13532 45 4
13589 201 13
13629 77 89
13664 11 18
13797 16 135
13893 8 54
13913 212 106
13918 70 5
13954 132 208
13958 94 86
14030 30 160
14061 3 41
14069 99 56
14089 49 352
14108 282 3
14109 321 325
14115 270 52
14164 4 116
14166 19 253
14177 99 112
14190 110 223
14276 208 96
14341 329 4
14353 299 280
14390 108 1
14392 27 50
14401 61 1
14421 241 361
14438 6 106
14487 402 3
14500 27 45
14503 188 268
14525 379 419
14612 40 89
14621 41 84
14622 285 185
14631 316 339
14634 64 113
14655 2 198
14700 13 185
14702 53 143
14725 151 186
14739 119 1
14778 328 125
14792 27 97
14807 12 85
14891 61 54
14900 437 388
14907 58 98
14931 201 247
14975 197 291
14983 7 17
15037 70 84
15046 8 108
15078 5 191
15097 167 289
15102 180 138
15106 112 300
15128 447 443
15146 97 55
15164 112 299
15177 48 166
15219 82 112
15222 218 89
15234 25 48
15280 132 58
15306 226 53
15328 298 328
15331 56 38
15335 66 52
15339 451 6
15390 199 122
15424 244 113
15438 84 1
15464 44 187
15477 398 449
15492 164 286
15493 194 94
15551 316 344
15552 202 293
15569 106 388
15579 83 2
15587 135 17
15599 358 310
15604 279 19
15612 74 106
15677 140 4
15697 241 372
15713 423 182
15722 86 65
15742 93 103
15770 419 398
15787 63 60
15836 267 253
15854 334 201
15896 5 186
15910 104 136
15938 263 324
15954 181 8
15976 36 93
15994 66 38
16018 48 105
16043 214 92
16045 268 376
16070 105 347
16100 23 9
16113 4 96
16130 3 32
16188 376 9
16192 309 148
16204 426 3
16241 58 38
16257 27 3
16291 204 33
16316 4 53
16344 38 30
16414 8 19
16443 86 40
16478 95 8
16501 84 252
16550 8 225
16627 19 18
16630 372 404
16653 61 118
16663 396 446
16666 274 0
16696 52 56
16711 1 113
16751 3 33
16786 381 202
16823 1 31
16836 104 6
16858 369 402
16880 474 1
16933 205 141
16950 104 391
16971 325 231
16974 45 133
17004 215 9
17029 160 190
17034 336 298
17120 197 339
17121 120 50
17168 201 38
17193 187 7
17203 263 300
17262 49 322
17336 113 84
17337 329 337
17345 8 278
17363 340 210
17371 10 33
17398 412 322
17403 15 245
17425 155 112
17439 134 173
17477 241 4
17480 179 11
17490 71 331
17503 435 0
17573 230 6
17601 30 211
17648 11 69
17649 95 2
17673 2 207
17692 58 97
17799 47 36
17808 55 59
17845 195 82
17852 48 347
17880 233 4
17910 42 10
17919 339 208
17980 263 400
17990 419 373
18018 7 251
18046 264 7
18065 360 470
18093 96 393
18095 340 260
18130 334 337
18163 65 59
18168 86 145
18183 7 109
18219 163 301
18279 56 214
18285 6 107
18293 90 33
18323 365 418
18332 8 33
18369 251 135
18384 142 12
18402 82 97
18439 108 128
18476 70 9
18504 444 436
18508 2 120
18525 42 66
18530 70 42
18534 33 92
18555 376 267
18569 109 56
18574 360 410
18576 28 186
18596 424 3
18607 160 2
18645 9 68
18648 145 4
18652 334 49
18663 215 184
18693 17 77
18696 310 1
18715 316 335
18736 40 2
18754 42 33
18787 96 24
18860 37 1
18884 59 53
18907 244 53
18936 291 208
18944 106 455
18945 182 106
18966 9 53
18994 1 99
19080 35 62
19110 13 12
19146 57 52
19268 3 140
19297 96 70
19366 50 8
19370 84 105
19376 7 154
19433 389 207
19445 16 223
19447 84 67
19477 334 336
19484 183 247
19510 199 201
19531 89 42
19543 63 56
19560 199 377
19582 113 171
19588 121 4
19688 218 174
19693 40 58
19699 39 84
19703 307 301
19717 9 2
19728 106 171
19736 30 187
19743 345 336
19764 154 267
19807 55 93
19858 217 39
19897 122 254
19898 1 90
19962 33 211
19976 33 32
19983 59 8
19989 80 46
20018 213 33
20020 311 137
20041 33 146
20073 4 204
20105 197 90
20119 255 311
20133 55 3
20142 411 7
20167 445 440
20169 161 5
20181 158 357
20194 68 51
20211 38 6
20238 2 192
20289 7 28
20309 10 55
20405 247 333
20430 87 222
20433 281 3
20526 268 392
20546 9 97
20547 186 7
20668 26 83
20687 81 58
20720 20 54
20754 45 99
20782 441 358
20806 6 228
20818 278 3
20834 28 27
20851 4 23
20863 40 26
20887 152 1
20889 155 96
20893 394 1
20907 254 417
20951 155 7
20968 247 8
20980 126 167
21017 98 30
21021 99 9
21059 438 5
21060 249 6
21065 81 98
21080 101 59
21085 113 192
21108 136 135
21135 315 95
21167 1 50
21171 239 280
21223 33 97
21249 292 130
21268 396 465
21297 409 1
21310 95 100
21321 121 1
21347 226 247
21371 253 8
21450 8 68
21471 196 318
21492 141 185
21499 16 17
21524 132 1
21536 288 126
21561 236 84
21570 214 106
21573 25 50
21599 56 246
21611 1 14
21637 30 70
21681 182 241
21774 371 370
21775 51 143
21778 182 453
21789 211 4
21791 46 9
21810 141 1
21831 7 80
21833 417 2
21853 234 276
21907 183 292
21920 229 48
21926 101 109
21946 204 38
21984 1 29
21990 113 4
22016 109 18
22021 30 55
22087 7 29
22109 96 99
22112 373 428
22137 168 158
22163 223 355
22218 33 249
22250 27 108
22260 73 1
22293 40 84
22331 435 3
22339 189 378
22399 213 86
22401 38 36
22403 4 105
22454 50 257
22479 260 339
22557 11 118
22579 94 41
22625 58 14
22639 82 86
22693 353 398
22702 30 234
22729 121 217
22803 44 322
22907 1 171
22912 324 448
22963 95 179
22976 26 44
22994 58 10
22995 52 84
23008 71 21
23010 57 30
23032 81 224
23041 1 173
23073 31 181
23126 51 57
23145 86 81
23148 87 23
23171 199 202
23204 23 31
23244 270 7
23273 26 80
23282 113 53
23284 92 4
23286 339 314
23344 52 10
23346 83 97
23374 360 5
23394 306 9
23395 417 206
23402 106 424
23405 2 58
23461 8 196
23488 360 231
23500 351 2
23560 84 186
23567 462 341
23578 61 136
23584 3 73
23603 28 105
23608 400 206
23617 84 62
23631 2 61
23656 7 46
23669 118 18
23707 82 201
23728 45 156
23753 120 1
23754 260 280
23756 98 38
23758 86 251
23767 39 33
23772 40 30
23827 63 5
23853 343 205
23915 460 3
23918 40 33
23924 153 1
23975 197 105
24014 45 7
24017 6 84
24066 83 33
24082 92 54
24112 37 2
24129 219 317
24130 80 84
24189 53 80
24196 412 265
24227 293 262
24229 63 86
24295 53 3
24359 440 437
24387 468 3
24406 12 15
24479 60 38
24486 26 87
24493 7 194
24517 243 5
24546 46 11
24571 36 12
24583 164 38
24589 97 81
24621 121 306
24645 163 222
24647 52 74
24651 435 439
24662 105 3
24702 52 256
24730 44 84
24743 1 170
24744 9 4
24778 152 56
24839 94 1
24947 369 270
25065 4 228
25073 108 208
25078 28 155
25127 44 86
25141 47 109
25147 28 11
25259 9 7
25303 4 213
25312 425 6
25493 7 239
25527 395 8
25531 385 108
25556 255 327
25593 44 70
25599 8 4
25625 39 15
25627 382 2
25630 116 1
25641 173 199
25654 27 61
25750 184 395
25769 373 231
25778 45 2
25787 41 81
25788 105 168
25795 387 1
25889 47 26
25909 417 446
25937 335 205
25974 171 398
26081 197 289
26088 416 355
26103 61 56
26116 362 318
26118 13 7
26121 7 36
26134 256 254
26138 425 138
26162 258 53
26186 28 2
26209 62 31
26210 9 45
26224 77 44
26256 86 179
26271 194 2
26380 364 392
26401 26 90
26422 161 51
26456 2 204
26527 84 32
26530 89 60
26557 246 85
26567 59 29
26586 327 254
26599 20 47
26635 301 358
26666 264 52
26671 37 42
26677 309 1
26699 113 133
26709 352 4
26727 60 85
26755 106 147
26789 55 42
26853 0 23
26902 5 25
26923 15 55
26931 4 124
26939 99 35
26940 52 281
26959 393 6
26982 96 94
26988 155 54
27005 108 328
27010 8 9
27066 46 181
27074 395 277
27151 351 231
27167 417 444
27210 417 447
27214 18 108
27244 173 369
27247 85 214
27265 381 352
27311 38 103
27350 33 252
27398 85 37
27432 337 247
27437 48 126
27467 82 1
27476 8 279
27548 33 48
27624 83 38
27634 50 62
27644 33 14
27657 41 4
27667 281 302
27710 1 7
27717 189 168
27732 294 8
27744 326 4
27778 263 264
27807 337 126
27869 44 244
27874 97 150
27908 173 472
27916 16 279
27939 329 293
27960 46 57
28009 408 1
28041 328 334
28110 217 82
28119 337 158
28125 309 399
28139 331 226
28190 226 7
28210 56 236
28225 29 10
28226 65 194
28242 50 4
28274 308 204
28288 158 108
28333 1 139
28349 213 224
28369 202 197
28407 328 329
28414 33 235
28423 4 46
28430 241 8
28472 254 61
28514 95 59
28567 276 1
28583 130 57
28597 199 200
28639 210 328
28643 94 118
28794 401 152
28842 465 1
28875 432 2
28879 293 168
28910 179 52
28930 91 96
28946 233 231
28960 13 94
29001 80 6
29010 1 89
29042 180 321
29088 188 264
29152 70 85
29196 68 151
29246 113 189
29249 108 347
29301 234 53
29312 197 2
29319 52 50
29351 155 71
29357 18 155
29366 304 184
29387 1 53
29400 51 136
29422 1 175
29441 124 30
29442 53 23
29463 59 236
29480 337 322
29491 95 160
29497 409 255
29533 128 204
29535 70 53
29561 292 1
29564 163 432
29565 84 47
29638 352 378
29641 27 62
29644 275 3
29668 90 82
29675 11 82
29677 44 55
29689 252 53
29708 91 6
29709 206 312
29751 411 3
29766 1 122
29817 55 82
29828 364 412
29876 40 219
29884 293 334
29907 205 240
29924 212 358
29945 120 17
29946 1 154
29948 1 19
29964 94 33
29977 270 259
29991 113 60
30001 38 132
30005 330 381
30020 97 7
30067 126 197
30094 38 211
30100 99 38
30113 99 4
30118 1 158
30119 340 208
30121 11 39
30125 120 7
30239 118 27
30259 127 223
30279 49 314
30285 27 103
30315 232 33
30342 9 84
30344 396 358
30364 15 9
30389 335 337
30440 138 321
30506 42 38
30548 38 260
30554 42 9
30556 165 1
30567 26 38
30600 113 232
30602 179 94
30673 95 10
30701 96 50
30707 26 82
30724 438 437
30728 15 94
30771 168 208
30784 56 35
30788 372 1
30862 374 364
30871 2 64
30909 464 264
30941 53 84
30943 96 33
30948 253 255
30951 8 183
30979 219 10
31037 20 53
31045 96 261
31067 108 48
31075 126 105
31076 50 349
31087 248 6
31114 23 93
31187 215 61
31199 52 361
31215 183 4
31216 85 88
31220 12 6
31223 118 53
31289 50 98
31307 287 21
31317 56 170
31338 352 328
31370 56 10
31430 206 264
31515 104 44
31517 104 7
31525 395 172
31540 49 4
31590 153 113
31637 97 113
31646 417 436
31655 19 332
31686 33 65
31697 29 52
31700 53 139
31728 160 18
31736 56 105
31748 422 427
31816 1 35
31858 89 119
31909 256 7
31919 96 27
31943 396 435
31976 284 180
32018 65 114
32086 218 15
32099 0 7
32158 75 1
32159 406 272
32166 221 61
32199 199 210
32220 55 33
32221 0 10
32234 4 190
32285 133 137
32430 255 74
32436 41 85
32447 185 52
32481 255 300
32497 179 8
32499 27 53
32534 80 10
32562 252 218
32568 365 2
32585 70 118
32614 232 410
32652 196 284
32669 52 365
32679 335 299
32686 1 98
32771 229 120
32829 49 337
32857 27 68
32870 230 41
32887 355 135
32889 385 203
32891 84 148
32934 26 73
32959 315 8
32983 298 332
33010 421 8
33032 67 6
33050 82 40
33065 32 38
33104 105 377
33114 54 60
33119 86 80
33122 215 380
33177 33 37
33183 85 5
33220 427 379
33221 432 9
33361 206 229
33436 1 172
33551 264 307
33553 373 427
33625 0 3
33644 5 213
33649 26 97
33685 84 69
33719 9 54
33727 321 410
33838 378 9
33850 28 113
33859 3 17
33887 18 83
33903 96 232
33920 430 2
33925 330 293
33945 122 246
33957 86 260
33964 450 0
33975 52 306
34025 61 96
34039 255 423
34050 301 2
34055 311 52
34056 223 7
34062 233 241
34103 8 170
34130 53 304
34135 440 446
34173 68 26
34185 63 7
34194 189 71
34205 9 31
34213 7 179
34334 233 431
34337 368 9
34357 321 232
34478 9 72
34540 222 56
34568 5 2
34578 260 208
34580 333 314
34614 347 8
34633 85 3
34669 253 376
34671 33 112
34710 84 74
34718 456 6
34768 12 0
34790 284 360
34835 240 112
34837 8 94
34914 333 289
34918 128 272
34920 86 173
34949 30 117
34959 86 146
35004 28 70
35026 86 83
35073 313 3
35098 187 63
35114 471 2
35151 99 103
35152 45 61
35156 7 90
35172 11 32
35221 421 404
35230 46 89
35238 17 155
35242 332 247
35341 408 3
35349 30 109
35362 260 7
35387 421 373
35407 128 155
35429 255 408
35439 291 266
35443 36 97
35450 225 67
35468 61 84
35509 118 96
35514 13 39
35516 266 293
35519 42 3
35534 86 245
35550 217 30
35564 265 7
35595 1 125
35677 50 90
35681 281 387
35707 334 205
35738 106 417
35794 96 112
35804 86 138
35819 4 31
35842 47 38
35866 180 411
35905 18 121
35980 62 5
36017 14 40
36054 437 419
36073 97 6
36110 105 2
36137 445 442
36169 133 424
36198 8 32
36268 35 84
36281 75 112
36294 198 199
36297 52 33
36328 369 134
36334 270 209
36384 412 411
36405 142 97
36416 298 126
36517 102 96
36520 1 27
36523 84 118
36587 106 398
36618 448 310
36639 8 70
36648 68 283
36676 141 106
36705 203 197
36706 473 270
36738 42 8
36768 67 40
36814 230 94
36832 339 333
36847 161 1
36860 319 415
36862 255 153
36882 93 77
36910 4 74
36924 96 14
36942 49 336
36944 30 45
37022 88 2
37036 269 285
37056 254 300
37067 95 44
37077 35 95
37093 222 8
37096 184 84
37126 237 56
37185 55 40
37186 247 7
37189 251 19
37236 188 253
37238 66 11
37245 148 18
37285 97 12
37294 259 432
37296 99 11
37308 11 49
37355 201 391
37440 413 359
37444 147 310
37447 309 170
37450 97 98
37453 7 74
37472 282 46
37501 195 112
37559 113 185
37565 9 52
37580 1 0
37608 37 53
37617 194 58
37628 63 33
37651 370 1
37709 264 267
37720 3 30
37769 86 55
37799 64 38
37805 64 15
37826 44 73
37874 52 320
37883 8 113
37912 10 1
37974 16 77
38014 58 61
38041 445 4
38066 300 310
38071 46 53
38123 68 52
38155 1 105
38182 335 339
38253 11 97
38263 17 119
38266 8 5
38293 344 335
38326 150 38
38331 18 158
38332 26 99
38338 201 205
38377 133 310
38408 202 203
38417 203 158
38433 247 210
38436 326 359
38445 183 191
38471 30 97
38482 233 373
38483 106 8
38533 301 416
38669 109 14
38675 226 384
38688 31 276
38692 135 223
38710 321 421
38744 121 13
38755 414 163
38926 360 2
38934 106 422
38937 116 86
38954 83 55
38988 341 340
39001 86 239
39058 141 286
39085 52 96
39127 3 99
39147 169 80
39156 1 52
39170 98 224
39195 128 197
39208 38 67
39230 42 214
39240 3 58
39249 39 300
39288 208 206
39293 197 333
39316 56 59
39328 99 61
39339 36 63
39378 49 108
39381 259 403
39385 412 134
39400 7 33
39432 310 414
39443 60 33
39457 5 83
39466 220 351
39468 404 0
39470 316 280
39486 1 51
39499 33 279
39500 96 17
39502 72 36
39546 183 291
39552 182 141
39576 140 86
39702 38 48
39728 225 46
39729 268 413
39761 42 118
39767 25 75
39773 60 68
39784 45 327
39795 38 113
39820 4 139
39870 51 18
39873 254 217
39876 446 444
39877 36 26
39887 417 212
39889 297 1
39898 89 52
39903 17 192
39908 82 36
39921 335 203
39981 403 265
40055 223 86
40061 2 85
40071 143 207
40127 46 183
40193 58 4
40208 80 59
40297 427 271
40335 48 334
40336 306 24
40351 44 98
40381 106 40
40382 5 96
40389 212 441
40394 201 8
40412 32 200
40423 199 97
40489 38 31
40509 242 12
40522 429 428
40525 132 82
40550 38 104
40555 93 149
40574 13 131
40626 443 436
40638 93 9
40672 76 1
40705 86 30
40734 34 59
40741 208 210
40742 50 282
40748 53 127
40750 13 25
40775 7 11
40779 97 10
40789 360 404
40793 6 101
40797 13 148
40810 54 29
40832 134 7
40887 42 84
40890 248 42
40892 33 38
40916 6 44
40938 7 16
40943 154 188
40948 64 51
40958 21 2
40982 97 92
41021 17 103
41033 417 435
41037 7 92
41133 462 1
41183 107 2
41195 231 106
41204 56 15
41221 7 259
41248 305 435
41295 376 137
41297 257 112
41312 249 38
41324 2 36
41326 332 333
41377 213 282
41385 30 44
41400 61 189
41402 370 231
41459 90 39
41510 61 33
41532 4 51
41543 359 412
41550 314 291
41569 221 338
41612 197 383
41623 299 352
41629 270 175
41652 229 298
41704 11 299
41705 79 1
41724 145 33
41726 25 30
41744 17 53
41758 18 383
41776 300 400
41777 29 9
41810 72 218
41813 223 382
41837 9 65
41844 87 6
41865 345 332
41881 295 390
41884 118 1
41938 93 7
41958 2 3
42044 30 60
42068 63 45
42071 101 3
42109 435 358
42116 4 11
42170 241 180
42204 158 339
42220 212 2
42232 42 6
42246 59 136
42249 41 86
42252 67 12
42273 233 196
42289 440 436
42315 153 106
42323 208 122
42390 138 28
42493 50 85
42497 106 82
42559 38 57
42578 12 83
42630 438 358
42658 388 233
42660 130 196
42696 95 53
42702 1 23
42771 410 421
42786 111 194
42817 51 56
42826 426 1
42875 69 35
42892 18 23
42923 69 34
42992 18 4
43044 75 102
43083 30 204
43096 7 81
43117 8 63
43119 293 158
43159 109 55
43183 300 416
43185 137 359
43214 358 439
43225 210 201
43244 412 464
43257 151 45
43279 142 45
43301 217 263
43325 41 194
43343 306 281
43357 355 1
43364 84 5
43367 11 16
43397 12 93
43403 55 5
43449 144 266
43459 365 408
43461 361 365
43464 106 456
43486 9 181
43496 103 41
43497 86 124
43529 199 250
43548 126 226
43579 400 0
43581 89 96
43583 420 8
43637 66 36
43650 339 380
43686 201 2
43707 217 4
43759 404 361
43844 26 52
43865 202 108
43866 197 108
43893 125 126
43901 210 48
44013 4 149
44034 442 437
44035 71 289
44095 10 26
44118 38 231
44123 199 5
44145 329 338
44152 4 180
44177 441 467
44178 11 92
44235 457 1
44270 6 41
44290 44 66
44332 306 387
44388 344 210
44397 11 254
44471 373 182
44473 366 110
44475 29 104
44480 103 35
44534 98 4
44548 52 53
44568 196 374
44580 59 199
44581 440 443
44650 432 5
44680 29 98
44691 301 396
44695 70 244
44697 2 101
44719 116 119
44789 3 51
44802 329 336
44821 60 64
44866 54 1
44915 7 96
44921 320 180
44990 99 2
45026 8 281
45037 51 66
45073 112 61
45076 40 97
45081 197 226
45116 53 8
45136 18 222
45165 6 247
45173 96 22
45176 266 341
45180 101 1
45205 218 305
45229 86 159
45240 42 53
45247 253 38
45295 25 20
45338 40 8
45339 55 132
45391 389 2
45408 248 84
45411 365 372
45427 47 61
45428 360 365
45429 179 36
45452 201 208
45474 35 8
45519 114 90
45528 64 96
45555 9 36
45564 247 334
45565 222 113
45573 197 340
45575 52 308
45585 106 11
45604 309 130
45607 165 54
45617 52 151
45672 192 8
45683 180 64
45685 284 415
45695 25 11
45700 194 236
45757 38 18
45821 26 3
45824 85 101
45848 84 63
45894 2 50
45895 427 388
45902 168 357
45906 317 1
45962 173 326
45966 11 0
46031 2 32
46051 94 61
46133 210 158
46140 206 223
46144 53 250
46184 221 294
46215 87 96
46258 17 38
46259 321 177
46275 11 23
46277 199 316
46289 360 373
46296 435 5
46339 412 206
46348 373 430
46369 109 355
46522 257 7
46578 61 356
46586 99 36
46606 86 5
46640 9 33
46664 210 203
46677 16 96
46694 92 2
46738 442 417
46752 4 14
46915 106 68
46922 319 1
46923 361 360
46924 58 51
46932 7 148
46941 2 130
46952 161 168
46995 455 310
47012 38 145
47016 380 202
47024 26 9
47051 433 4
47088 126 329
47097 159 1
47136 49 202
47173 241 231
47191 213 12
47320 68 12
47326 13 42
47342 84 143
47343 181 0
47351 33 74
47352 189 104
47438 64 6
47446 2 8
47491 106 99
47509 36 45
47524 241 365
47544 55 102
47577 373 9
47639 191 8
47647 302 52
47669 155 185
47761 217 281
47763 254 246
47776 26 59
47796 30 7
47808 145 99
47851 132 11
47855 348 8
47862 444 3
47882 213 181
47885 158 334
47886 31 12
47904 407 4
47907 38 86
48019 47 1
48026 213 38
48064 39 9
48085 435 271
48110 296 2
48111 73 47
48120 196 369
48125 289 48
48137 35 96
48187 454 423
48221 30 51
48299 201 294
48324 402 142
48339 93 84
48382 18 16
48400 201 339
48407 96 214
48434 402 249
48465 293 8
48477 327 5
48493 333 298
48514 86 254
48520 6 86
48533 33 143
48614 280 194
48641 50 9
48654 136 12
48668 358 5
48693 423 106
48710 222 4
48712 346 334
48716 344 462
48746 51 81
48767 84 30
48783 66 47
48849 95 6
48853 15 40
48862 46 179
48867 255 11
48883 38 117
48885 241 321
48935 11 253
49014 7 269
49032 393 9
49072 404 371
49127 52 4
49149 63 42
49159 25 8
49165 252 64
49181 92 6
49200 163 254
49278 67 8
49281 33 86
49359 7 68
49422 400 425
49470 90 6
49519 96 222
49581 103 68
49608 5 80
49653 10 96
49694 148 22
49705 331 158
49733 119 205
49734 320 284
49758 328 337
49767 89 56
49783 257 237
49854 59 130
49865 51 228
49880 113 31
49884 55 81
49903 84 21
49980 96 233
49983 299 203
49993 150 2
